0 1339759084.40997791 0 1 1 -1.13631534870524638e-05 -0.000137610769344607666 8.77967158963415678e-08 0.000557143064234165257 4.73571610640998564e-05 -0.000197168973801030569 0.999999824236635249 0.00372812468605054383 -0.0292594541253833329 -0.0238566505735473625 0 0 0 1 0 0 0 0 0 0 1 0 0 0 0 0 0 1 
1 1339759094.69173789 0 1 1 0.120376817697397998 -0.702665531338297344 -0.010669639521368993 0.0909458877188938364 0.00032181441036755273 0.00506081117411229329 0.995842924427727039 0.000262781405170653393 -8.95454852635796557e-05 -0.00499999999999545253 0 0 0 1 0 0 0 0 0 0 1 0 0 0 0 0 0 1 
2 1339759095.61012506 0 1 1 0.00845314138396082923 -0.911911602471654592 -0.00125050831171286125 0.0915180181918888586 -0.0106516889449509017 -0.0844249235438764151 0.992160988022336987 -0.0699740281259157576 0.542359406560214641 0.0181677547337395287 0 0 0 1 0 0 0 0 0 0 1 0 0 0 0 0 0 1 
3 1339759096.710361 0 1 1 -0.277452614830819955 -1.56865186295750347 0.021004088776009934 0.0107971584564672141 -0.00589983403646877295 -0.13974080041473036 0.990111671493200118 -0.0972760388381351537 1.12563669863491733 0.0212421664766533694 0 0 0 1 0 0 0 0 0 0 1 0 0 0 0 0 0 1 
4 1339759097.42034054 0 1 1 -0.654593349539913993 -2.67385167333558593 -0.00911151901317144852 -0.0192470985459932895 0.00690738372592806637 -0.185234715285458235 0.982481520182816981 -0.0622409050118211821 1.84989565827972946 0.0153573010128337517 0 0 0 1 0 0 0 0 0 0 1 0 0 0 0 0 0 1 
5 1339759098.121912 0 1 1 -0.996789291277423661 -3.75336956219130302 -0.00349650888575561442 -0.0294515179060627665 0.00839847647682867918 -0.259915435904766179 0.965145605525058792 0.0153822719741054017 2.84426525154402077 0.00353836608584670847 0 0 0 1 0 0 0 0 0 0 1 0 0 0 0 0 0 1 
6 1339759098.72058606 0 1 1 -1.48107920975330076 -4.50739706222677317 0.000829924924530730298 0.0133618423353156247 -0.00836320751674050206 -0.332105327020485508 0.943110581901218326 0.138064360186899687 3.72029212766495254 -0.0108033130633094117 0 0 0 1 0 0 0 0 0 0 1 0 0 0 0 0 0 1 
7 1339759099.33022094 0 1 1 -1.85726438270305705 -5.08428660488813655 -0.0080089984526852051 0.0432107182122497616 -0.0202224812355678782 -0.42218288712324209 0.905254381323030488 0.565707230009138584 5.13409797288477421 0.0350000000000250111 0 0 0 1 0 0 0 0 0 0 1 0 0 0 0 0 0 1 
8 1339759100.429883 0 1 1 -2.66363451407873741 -5.6961965558114942 -0.0217151164557813393 0.0780227214466161501 -0.0378016131361464947 -0.440361211270355712 0.893624919410193064 1.32059473268120264 6.03607764280629944 0.049809466934891633 0 0 0 1 0 0 0 0 0 0 1 0 0 0 0 0 0 1 
9 1339759101.23014903 0 1 1 -3.66540347651081611 -6.00522097074330841 -0.0250394400478768896 0.0418803973099409962 -0.0205138662858370402 -0.433383031691264242 0.900002423026325493 1.72256637852606564 6.46573154504602066 0.0659025482328640527 0 0 0 1 0 0 0 0 0 0 1 0 0 0 0 0 0 1 
10 1339759101.93519306 0 1 1 -4.58535074185012359 -6.40827519608405627 -0.02409063876082089 0.0196223575746533561 -0.00843991467947101393 -0.447985300233651851 0.893785713523090664 2.07670825119131885 6.84426181978045456 0.0800807471350266087 0 0 0 1 0 0 0 0 0 0 1 0 0 0 0 0 0 1 
11 1339759102.63024402 0 1 1 -5.39574335068237243 -7.07162564713319952 -0.0469778881538021886 0.00338053785331658783 0.000249077724860357176 -0.447223254361115485 0.894415938298710356 2.68890348775598742 7.55343432856404284 0.101754631014438157 0 0 0 1 0 0 0 0 0 0 1 0 0 0 0 0 0 1 
12 1339759103.3404851 0 1 1 -6.13548815938542536 -7.88530642836060913 -0.0480326485125704486 0.034748452728859 -0.0138797340671684803 -0.443054306062701575 0.895713559065884013 3.35056936951322282 8.30345850760262749 0.113791254825077806 0 0 0 1 0 0 0 0 0 0 1 0 0 0 0 0 0 1 
13 1339759104.14293194 0 1 1 -6.83297856947481552 -8.70341847361308396 -0.0249055772194911561 0.0552548806825536448 -0.0178664880050406101 -0.444339894143532199 0.893974130072921813 4.07844967999532937 9.09897870042842705 0.114121937980979415 0 0 0 1 0 0 0 0 0 0 1 0 0 0 0 0 0 1 
14 1339759105.04080844 0 1 1 -7.71661448466656097 -9.24561773342038684 -0.0303896566488061452 0.0579223304949329151 -0.0243941205829691921 -0.488769319322971463 0.870146242306187534 4.85406560881529003 9.98559882584959269 0.203000000000031378 0 0 0 1 0 0 0 0 0 0 1 0 0 0 0 0 0 1 
